off
[15:12:04][I][remote.raw:028]: Received Raw: 9064, -4511, 662, -1632, 661, -537, 661, -537, 663, -537, 661, -537, 661, -539, 660, -1631, 661, -537, 661, -539, 662, -1631, 661, -1630, 661, -1631, 662, -537, 660, -537, 662, -536, 663, -537, 661, -538, 661, -538, 661, -538, 661, -537, 
[15:12:04][I][remote.raw:041]:   661, -537, 663, -1630, 662, -536, 662, -1632, 660, -536, 663, -535, 662, -537, 662, -536, 661, -1631, 662, -536, 662, -1631, 663, -534, 663, -536, 662, -1631, 662, -535, 664
[15:12:04][I][remote.raw:028]: Received Raw: 636, -1636, 664, -535, 663, -536, 664, -533, 665, -534, 665, -534, 666, -533, 665, -535, 666, -533, 666, -532, 666, -532, 667, -532, 668, -531, 667, -531, 667, -1626, 668, -531, 666, -532, 691, -508, 669, -531, 666, -531, 667, -532, 691, 
[15:12:04][I][remote.raw:041]:   -508, 692, -507, 691, -508, 692, -507, 692, -507, 692, -506, 691, -509, 692, -1599, 691, -508, 692, -1600, 692, -1600, 693

cool, 30, fan auto, swing on
accuracy
[15:12:04][I][remote.raw:028]: Received Raw: 9064, -4511, 662, -1632, 661, -537, 661, -537, 663, -537, 661, -537, 661, -539, 660, -1631, 661, -537, 661, -539, 662, -1631, 661, -1630, 661, -1631, 662, -537, 660, -537, 662, -536, 663, -537, 661, -538, 661, -538, 661, -538, 661, -537, 
[15:12:04][I][remote.raw:041]:   661, -537, 663, -1630, 662, -536, 662, -1632, 660, -536, 663, -535, 662, -537, 662, -536, 661, -1631, 662, -536, 662, -1631, 663, -534, 663, -536, 662, -1631, 662, -535, 664
[15:12:04][I][remote.raw:028]: Received Raw: 636, -1636, 664, -535, 663, -536, 664, -533, 665, -534, 665, -534, 666, -533, 665, -535, 666, -533, 666, -532, 666, -532, 667, -532, 668, -531, 667, -531, 667, -1626, 668, -531, 666, -532, 691, -508, 669, -531, 666, -531, 667, -532, 691, 
[15:12:04][I][remote.raw:041]:   -508, 692, -507, 691, -508, 692, -507, 692, -507, 692, -506, 691, -509, 692, -1599, 691, -508, 692, -1600, 692, -1600, 693
[15:12:16][I][remote.raw:028]: Received Raw: 9070, -4507, 666, -1626, 668, -531, 666, -532, 666, -1626, 666, -532, 665, -535, 665, -1626, 666, -532, 667, -531, 667, -1625, 667, -1626, 666, -1624, 668, -531, 668, -532, 667, -532, 665, -532, 667, -532, 666, -532, 668, -531, 666, -532, 
[15:12:16][I][remote.raw:041]:   666, -532, 668, -1624, 669, -1621, 666, -1628, 667, -530, 668, -532, 667, -533, 666, -531, 666, -1627, 666, -532, 667, -1625, 666, -533, 667, -531, 667, -1625, 667, -532, 669
[15:12:16][I][remote.raw:028]: Received Raw: 640, -1631, 664, -533, 668, -530, 669, -530, 668, -530, 670, -530, 667, -533, 667, -530, 669, -529, 668, -531, 668, -531, 668, -530, 669, -529, 669, -530, 669, -1623, 668, -531, 668, -531, 668, -530, 668, -530, 669, -530, 670, -529, 670, 
[15:12:16][I][remote.raw:041]:   -529, 670, -530, 669, -530, 669, -528, 670, -530, 669, -530, 670, -527, 670, -1624, 670, -528, 670, -1623, 669, -529, 670

cool, 29, fan auto, swing on
[15:12:51][I][remote.raw:028]: Received Raw: 9068, -4509, 641, -1651, 663, -535, 666, -532, 643, -1649, 666, -534, 664, -534, 664, -1629, 665, -533, 664, -1628, 665, -532, 666, -1626, 665, -1627, 665, -533, 665, -535, 664, -533, 664, -534, 666, -533, 665, -533, 666, -534, 665, -533, 
[15:12:51][I][remote.raw:041]:   667, -532, 666, -1625, 667, -1624, 668, -1624, 667, -532, 667, -531, 669, -530, 667, -531, 667, -1625, 670, -528, 669, -1624, 667, -531, 668, -530, 670, -1623, 669, -529, 669
[15:12:51][I][remote.raw:028]: Received Raw: 642, -1630, 669, -529, 670, -529, 670, -529, 670, -529, 669, -530, 669, -528, 671, -528, 670, -529, 670, -529, 670, -529, 696, -503, 694, -505, 671, -527, 696, -1596, 695, -503, 671, -528, 670, -528, 695, -504, 694, -505, 694, -505, 693, 
[15:12:51][I][remote.raw:041]:   -505, 695, -503, 695, -504, 694, -504, 695, -504, 694, -505, 694, -506, 693, -506, 694, -504, 694, -1599, 694, -503, 693

cool, 29, fan auto, swing off
[15:13:14][I][remote.raw:028]: Received Raw: 9041, -4533, 663, -1628, 663, -539, 661, -537, 660, -1631, 662, -535, 663, -534, 665, -535, 662, -538, 663, -1629, 662, -537, 662, -1630, 663, -1626, 664, -537, 663, -534, 664, -537, 664, -535, 663, -534, 663, -537, 662, -536, 661, -537, 
[15:13:14][I][remote.raw:041]:   664, -537, 659, -1631, 666, -1627, 663, -1627, 664, -535, 663, -534, 663, -538, 663, -534, 666, -1625, 665, -534, 664, -1627, 665, -534, 641, -559, 663, -1629, 662, -536, 663
[15:13:14][I][remote.raw:028]: Received Raw: 637, -543, 663, -533, 666, -533, 667, -532, 667, -532, 667, -532, 666, -532, 665, -535, 666, -529, 668, -534, 665, -532, 668, -530, 668, -531, 668, -532, 667, -1623, 667, -531, 669, -530, 667, -530, 668, -531, 668, -530, 668, -531, 670, 
[15:13:14][I][remote.raw:041]:   -529, 670, -528, 670, -529, 670, -527, 670, -530, 669, -529, 669, -529, 670, -529, 670, -529, 670, -1622, 669, -528, 671

dry, 25, fan 1, swing not applicable
[15:13:37][I][remote.raw:028]: Received Raw: 9066, -4510, 663, -536, 665, -1626, 663, -535, 665, -1627, 663, -1630, 662, -534, 664, -535, 663, -536, 665, -1626, 663, -535, 663, -536, 664, -1627, 663, -536, 663, -534, 665, -535, 662, -537, 663, -534, 665, -533, 664, -534, 665, -535, 
[15:13:37][I][remote.raw:041]:   663, -534, 666, -1626, 665, -1629, 663, -1627, 665, -533, 665, -536, 663, -536, 663, -536, 662, -1628, 665, -534, 664, -1628, 663, -536, 664, -536, 663, -1628, 663, -535, 665
[15:13:37][I][remote.raw:028]: Received Raw: 636, -541, 665, -535, 663, -535, 666, -532, 666, -534, 664, -536, 665, -532, 665, -533, 667, -532, 667, -531, 666, -534, 666, -531, 667, -532, 668, -532, 666, -1625, 667, -532, 665, -533, 666, -532, 667, -533, 666, -532, 666, -533, 667, 
[15:13:37][I][remote.raw:041]:   -531, 667, -531, 666, -532, 690, -509, 665, -533, 667, -533, 664, -534, 688, -1605, 666, -531, 664, -535, 664, -534, 663

fan only , 25, fan auto, swing not applicable
[15:14:31][I][remote.raw:028]: Received Raw: 9044, -4534, 664, -1626, 663, -1631, 664, -532, 664, -1628, 663, -536, 664, -536, 663, -534, 665, -533, 663, -1629, 664, -535, 665, -533, 665, -1627, 664, -534, 663, -535, 664, -535, 664, -534, 664, -535, 665, -533, 664, -535, 664, -533, 
[15:14:31][I][remote.raw:041]:   666, -533, 665, -1624, 667, -1626, 665, -532, 667, -532, 665, -531, 665, -534, 667, -532, 667, -1624, 666, -531, 669, -1624, 666, -533, 666, -531, 666, -1624, 668, -532, 666
[15:14:31][I][remote.raw:028]: Received Raw: 643, -538, 667, -529, 668, -531, 668, -530, 670, -529, 667, -531, 669, -530, 669, -530, 668, -528, 669, -530, 670, -528, 671, -528, 669, -529, 670, -529, 670, -1621, 670, -528, 671, -528, 670, -526, 670, -529, 670, -529, 693, -505, 695, 
[15:14:31][I][remote.raw:041]:   -503, 671, -528, 670, -528, 670, -527, 670, -529, 669, -530, 693, -506, 693, -504, 694, -1597, 694, -505, 668, -530, 694

heater, 29, fan auto, swing not applicable
[15:15:06][I][remote.raw:028]: Received Raw: 9061, -4512, 663, -535, 659, -539, 659, -1633, 690, -1602, 667, -531, 659, -540, 658, -538, 658, -542, 658, -1635, 657, -540, 659, -1634, 693, -1598, 667, -531, 658, -538, 658, -540, 660, -539, 663, -536, 662, -538, 665, -533, 663, -535, 
[15:15:06][I][remote.raw:041]:   662, -535, 661, -1631, 669, -1623, 694, -503, 664, -534, 668, -530, 662, -536, 659, -539, 663, -1629, 693, -505, 659, -1632, 693, -504, 662, -537, 693, -1599, 693, -505, 697
[15:15:06][I][remote.raw:028]: Received Raw: 635, -544, 695, -502, 696, -502, 687, -513, 693, -505, 692, -506, 694, -505, 693, -504, 691, -507, 693, -507, 692, -506, 694, -505, 689, -510, 692, -505, 694, -1599, 693, -505, 692, -505, 692, -507, 691, -508, 688, -510, 687, -511, 688, 
[15:15:06][I][remote.raw:041]:   -510, 686, -511, 686, -513, 683, -515, 658, -541, 658, -540, 669, -530, 682, -1609, 658, -1633, 657, -1634, 657, -541, 658

auto
[15:15:31][I][remote.raw:028]: Received Raw: 9065, -4510, 664, -532, 662, -537, 686, -512, 662, -1630, 667, -532, 661, -537, 662, -537, 661, -536, 662, -1631, 664, -533, 662, -537, 662, -1630, 664, -534, 661, -537, 661, -538, 684, -514, 661, -537, 662, -537, 661, -538, 661, -537, 661, 
[15:15:31][I][remote.raw:041]:   -537, 660, -1633, 688, -1602, 664, -534, 660, -538, 661, -537, 662, -536, 661, -538, 662, -1630, 664, -534, 660, -1631, 687, -512, 660, -539, 659, -1633, 667, -530, 661
[15:15:31][I][remote.raw:028]: Received Raw: 633, -544, 661, -536, 660, -540, 660, -538, 659, -540, 685, -513, 661, -538, 661, -538, 660, -537, 660, -539, 659, -540, 659, -539, 659, -540, 661, -537, 660, -1632, 692, -507, 660, -536, 659, -540, 659, -539, 660, -540, 684, -514, 660, 
[15:15:31][I][remote.raw:041]:   -538, 660, -537, 660, -540, 657, -541, 659, -539, 659, -540, 658, -540, 659, -1632, 692, -1599, 688, -1604, 688, -1602, 666

cool, 29, fan 1, swing off
[15:15:59][D][sensor:104]: 'WiFi Signal Strength': Sending state -60.00000 dBm with 0 decimals of accuracy
[15:16:03][I][remote.raw:028]: Received Raw: 9059, -4515, 659, -1632, 686, -510, 660, -540, 668, -1623, 695, -1597, 663, -534, 667, -531, 658, -541, 658, -1634, 691, -507, 663, -1628, 662, -1630, 667, -529, 670, -528, 665, -533, 663, -535, 669, -530, 665, -534, 669, -530, 665, -531, 
[15:16:03][I][remote.raw:041]:   696, -503, 694, -1597, 696, -1595, 695, -1596, 670, -529, 666, -532, 697, -500, 690, -509, 697, -1594, 692, -507, 693, -1597, 696, -502, 692, -508, 695, -1594, 695, -505, 693
[15:16:03][I][remote.raw:028]: Received Raw: 630, -548, 691, -506, 693, -504, 694, -505, 691, -507, 692, -506, 694, -505, 665, -534, 689, -509, 688, -509, 686, -512, 686, -513, 658, -540, 657, -540, 658, -1633, 660, -539, 660, -538, 659, -540, 658, -539, 658, -540, 657, -541, 656, 
[15:16:03][I][remote.raw:041]:   -543, 657, -542, 655, -542, 656, -543, 657, -540, 657, -542, 656, -543, 654, -544, 654, -544, 654, -1637, 653, -546, 654

cool, 29, fan 2, swing off
[15:16:30][I][remote.raw:028]: Received Raw: 9062, -4512, 661, -1628, 666, -533, 661, -539, 663, -1627, 664, -536, 664, -1624, 665, -534, 665, -535, 663, -1627, 665, -534, 665, -1627, 666, -1624, 666, -532, 666, -534, 665, -532, 666, -533, 667, -531, 667, -532, 668, -530, 666, -532, 
[15:16:30][I][remote.raw:041]:   667, -532, 667, -1625, 668, -1623, 667, -1623, 668, -531, 668, -528, 669, -529, 669, -530, 668, -1623, 668, -530, 668, -1623, 669, -529, 668, -530, 669, -1622, 693, -506, 693
[15:16:30][I][remote.raw:028]: Received Raw: 641, -538, 695, -503, 669, -528, 670, -530, 693, -505, 669, -530, 669, -529, 669, -529, 693, -504, 668, -530, 692, -506, 669, -531, 691, -507, 667, -531, 667, -1625, 695, -503, 690, -509, 688, -509, 691, -508, 690, -508, 690, -509, 690, 
[15:16:30][I][remote.raw:041]:   -509, 690, -508, 691, -508, 692, -505, 692, -506, 693, -506, 693, -506, 693, -505, 694, -504, 694, -1598, 693, -505, 693

cool, 29, fan 3, swing off
[15:16:50][I][remote.raw:028]: Received Raw: 9062, -4512, 669, -1620, 668, -530, 661, -537, 660, -1633, 668, -1624, 668, -1623, 668, -528, 661, -539, 663, -1630, 669, -528, 660, -1631, 689, -1603, 671, -527, 660, -537, 665, -534, 660, -539, 659, -540, 664, -536, 660, -537, 660, -538, 
[15:16:50][I][remote.raw:041]:   662, -537, 664, -1628, 669, -1622, 668, -1622, 690, -510, 660, -538, 659, -540, 662, -535, 660, -1634, 692, -504, 669, -1624, 692, -505, 664, -534, 663, -1629, 670, -526, 658
[15:16:50][I][remote.raw:028]: Received Raw: 631, -544, 663, -537, 692, -507, 662, -534, 664, -535, 696, -503, 662, -537, 663, -536, 695, -502, 670, -529, 664, -533, 665, -535, 664, -534, 660, -539, 669, -1623, 663, -535, 694, -505, 660, -538, 669, -530, 665, -532, 689, -510, 670, 
[15:16:50][I][remote.raw:041]:   -529, 692, -507, 664, -535, 693, -505, 665, -535, 666, -531, 692, -506, 695, -504, 698, -501, 694, -1597, 695, -505, 659
