cool, 30, fan auto, swing off
[11:14:35][I][remote.raw:028]: Received Raw: 4454, -4369, 577, -1612, 569, -1588, 528, -1657, 571, -1587, 547, -546, 535, -529, 563, -1622, 526, -541, 572, -521, 573, -493, 528, -566, 573, -520, 544, -1615, 572, -1588, 572, -521, 573, -1587, 573, -521, 572, -494, 481, -613, 573, -520, 
[11:14:35][I][remote.raw:028]:   567, -499, 535, -559, 573, -1587, 598, -1561, 528, -1658, 573, -1587, 574, -1585, 538, -1647, 503, -1656, 573, -1586, 573, -520, 570, -497, 533, -561, 574, -519, 533, -533, 574, -519, 574, -520, 501, -565, 573, -521, 573, -1585, 573, -1587, 535, -1651, 
[11:14:35][I][remote.raw:028]:   528, -539, 572, -1587, 529, -564, 572, -521, 574, -492, 480, -613, 573, -521, 535, -531, 542, -552, 573, -520, 526, -541, 573, -521, 572, -493, 528, -1658, 571, -496, 532, -561, 572, -521, 529, -537, 572, -495, 599, -520, 501, -539, 598, -492, 602, 
[11:14:35][I][remote.raw:028]:   -1584, 574, -1587, 562, -499, 603, -1566, 593, -488, 602, -476, 500, -583, 591, -499, 563, -6053, 4408, -4410, 635, -1524, 533, -1632, 501, -1676, 627, -1531, 633, -460, 510, -560, 557, -1609, 528, -555, 589, -503, 599, -476, 552, -532, 603, -491, 586, 
[11:14:35][I][remote.raw:028]:   -1574, 603, -1558, 598, -492, 602, -1556, 608, -485, 588, -485, 586, -500, 598, -495, 555, -515, 591, -497, 595, -1566, 592, -1574, 525, -1651, 558, -1600, 593, -1568, 589, -1577, 522, -1653, 584, -1574, 591, -502, 554, -517, 583, -505, 587, -504, 530, 
[11:14:35][I][remote.raw:028]:   -541, 584, -507, 585, -506, 506, -586, 561, -532, 533, -1626, 560, -1600, 558, -1602, 530, -562, 559, -1602, 528, -562, 534, -559, 530, -537, 531, -561, 535, -558, 528, -539, 530, -563, 531, -538, 548, -544, 528, -566, 526, -542, 522, -1664, 522, -545, 
[11:14:35][I][remote.raw:041]:   522, -571, 523, -569, 523, -545, 523, -571, 522, -570, 521, -548, 522, -571, 522, -1639, 522, -1639, 521, -572, 521, -1638, 522, -571, 522, -570, 520, -549, 521, -572, 52
cool, 29, fan auto, swing off
[11:15:59][I][remote.raw:028]: Received Raw: 4453, -4373, 609, -1554, 603, -1564, 500, -1673, 610, -1550, 633, -459, 561, -512, 600, -1579, 559, -512, 591, -497, 570, -508, 501, -582, 583, -509, 566, -1595, 610, -1557, 602, -483, 600, -1561, 598, -491, 566, -511, 558, -525, 590, -502, 
[11:15:59][I][remote.raw:028]:   561, -514, 598, -487, 610, -1556, 604, -1562, 500, -1674, 608, -1552, 609, -1556, 603, -1575, 561, -1596, 610, -1549, 560, -531, 561, -514, 565, -518, 612, -482, 592, -480, 603, -484, 607, -486, 557, -512, 601, -490, 600, -1559, 605, -1562, 590, -1588, 
[11:15:59][I][remote.raw:028]:   558, -512, 598, -490, 601, -477, 521, -563, 593, -499, 591, -483, 525, -559, 596, -498, 560, -514, 585, -500, 597, -498, 555, -515, 590, -500, 594, -1566, 591, -500, 587, -488, 527, -557, 567, -526, 557, -514, 585, -502, 563, -531, 530, -537, 587, 
[11:15:59][I][remote.raw:028]:   -1580, 523, -1653, 558, -515, 553, -533, 591, -503, 556, -515, 583, -506, 588, -491, 544, -6082, 4416, -4414, 528, -1630, 584, -1575, 561, -1605, 553, -1627, 535, -535, 579, -511, 563, -1598, 556, -559, 533, -536, 528, -562, 533, -560, 530, -538, 530, 
[11:15:59][I][remote.raw:028]:   -1654, 527, -1632, 531, -539, 526, -1656, 529, -539, 527, -564, 529, -563, 527, -541, 524, -568, 524, -569, 522, -1637, 525, -1635, 524, -1638, 522, -1662, 523, -1635, 524, -1635, 524, -1639, 544, -1639, 523, -545, 522, -570, 523, -570, 522, -545, 523, 
[11:15:59][I][remote.raw:028]:   -570, 524, -570, 521, -545, 524, -570, 522, -571, 496, -1664, 522, -1637, 523, -1637, 523, -571, 522, -571, 521, -546, 523, -571, 522, -547, 521, -570, 523, -571, 521, -546, 522, -571, 523, -570, 521, -545, 523, -571, 522, -570, 496, -1664, 522, -546, 
[11:15:59][I][remote.raw:041]:   519, -572, 522, -571, 521, -547, 521, -571, 522, -570, 520, -547, 522, -571, 522, -1637, 522, -1636, 521, -570, 523, -570, 520, -546, 521, -572, 521, -569, 495, -571, 522
cool, 28, fan auto, swing off
[11:16:22][I][remote.raw:028]: Received Raw: 4477, -4345, 601, -1565, 596, -1585, 481, -1674, 578, -1613, 570, -490, 564, -509, 592, -1586, 560, -511, 600, -488, 606, -473, 502, -582, 602, -489, 600, -1561, 605, -1560, 598, -489, 604, -1558, 601, -489, 603, -474, 502, -581, 603, -490, 
[11:16:23][I][remote.raw:028]:   593, -482, 589, -497, 604, -1561, 599, -1568, 501, -1673, 602, -1556, 605, -1562, 596, -1583, 558, -1600, 629, -1531, 602, -489, 596, -479, 558, -526, 599, -495, 559, -513, 589, -498, 596, -497, 487, -583, 587, -502, 588, -1572, 636, -1531, 589, -496, 
[11:16:23][I][remote.raw:028]:   563, -1601, 558, -1608, 501, -582, 561, -530, 562, -514, 594, -490, 563, -531, 535, -537, 556, -531, 563, -530, 486, -584, 559, -531, 564, -514, 531, -1644, 609, -466, 503, -583, 635, -458, 590, -482, 597, -491, 607, -472, 499, -586, 603, -487, 604, 
[11:16:23][I][remote.raw:028]:   -1557, 604, -489, 592, -1569, 602, -1562, 599, -490, 601, -477, 522, -561, 596, -497, 594, -6021, 4388, -4441, 559, -1601, 594, -1567, 590, -1575, 524, -1652, 561, -512, 552, -534, 590, -1574, 586, -501, 590, -489, 545, -538, 587, -504, 589, -487, 548, 
[11:16:23][I][remote.raw:028]:   -1629, 558, -1600, 587, -507, 531, -1628, 585, -509, 529, -538, 583, -510, 558, -534, 531, -561, 559, -535, 530, -1629, 539, -1621, 557, -1604, 529, -1655, 532, -1626, 537, -1623, 532, -1654, 525, -1633, 531, -538, 525, -564, 529, -565, 528, -540, 523, 
[11:16:23][I][remote.raw:028]:   -568, 524, -569, 523, -544, 523, -570, 524, -570, 522, -1639, 524, -1636, 525, -570, 523, -1636, 524, -1635, 522, -571, 524, -569, 522, -545, 523, -571, 523, -546, 520, -570, 523, -571, 522, -546, 521, -572, 523, -570, 522, -546, 522, -1665, 521, -546, 
[11:16:23][I][remote.raw:041]:   522, -572, 522, -547, 520, -571, 523, -571, 521, -547, 521, -572, 523, -571, 521, -1641, 523, -569, 522, -1640, 522, -1638, 522, -571, 521, -546, 522, -571, 523, -571, 520
cool, 28, fan 1, swing off
[11:16:47][I][remote.raw:028]: Received Raw: 4478, -4346, 604, -1560, 599, -1568, 545, -1626, 604, -1555, 604, -489, 592, -482, 590, -1590, 559, -511, 599, -490, 599, -480, 501, -583, 598, -493, 598, -1563, 631, -1535, 613, -474, 601, -1564, 600, -490, 601, -477, 502, -582, 595, -497, 
[11:16:47][I][remote.raw:028]:   587, -488, 586, -500, 592, -1574, 629, -1537, 501, -1675, 635, -1526, 635, -1531, 628, -1551, 588, -1571, 635, -1526, 635, -455, 562, -514, 594, -490, 561, -532, 535, -538, 557, -531, 562, -532, 486, -584, 560, -531, 563, -1600, 610, -1555, 601, -483, 
[11:16:47][I][remote.raw:028]:   562, -1603, 556, -1608, 500, -583, 563, -527, 610, -466, 533, -551, 607, -485, 597, -1562, 608, -484, 557, -513, 599, -490, 601, -476, 520, -564, 597, -1567, 528, -557, 597, -495, 560, -513, 588, -499, 596, -497, 532, -538, 592, -498, 595, -480, 523, 
[11:16:47][I][remote.raw:028]:   -1654, 564, -1594, 593, -1571, 589, -1577, 544, -539, 589, -501, 590, -485, 525, -559, 593, -6030, 4461, -4360, 590, -1574, 584, -1599, 529, -1628, 588, -1571, 587, -507, 557, -516, 578, -1602, 554, -517, 581, -508, 584, -510, 529, -539, 581, -512, 
[11:16:47][I][remote.raw:028]:   555, -1627, 559, -1602, 557, -535, 535, -1626, 556, -536, 534, -537, 526, -563, 532, -561, 531, -538, 528, -563, 530, -1631, 529, -1656, 526, -1633, 529, -1630, 528, -1634, 522, -1662, 524, -1636, 525, -1636, 523, -569, 524, -570, 521, -546, 523, -571, 
[11:16:47][I][remote.raw:028]:   523, -546, 521, -571, 523, -571, 521, -546, 522, -571, 524, -1636, 524, -1639, 520, -570, 523, -1639, 521, -1664, 522, -544, 523, -570, 523, -571, 520, -546, 523, -571, 522, -1636, 523, -571, 521, -546, 522, -571, 523, -570, 521, -546, 522, -1664, 520, 
[11:16:47][I][remote.raw:041]:   -547, 522, -571, 521, -547, 519, -572, 521, -572, 521, -546, 521, -571, 522, -571, 520, -1638, 521, -1635, 522, -1639, 520, -1663, 521, -546, 521, -572, 521, -570, 496, -596, 497
cool, 28, fan 2, swing off
[11:17:26][I][remote.raw:028]: Received Raw: 4484, -4348, 603, -1562, 600, -1582, 533, -1628, 607, -1556, 628, -465, 593, -483, 586, -1594, 561, -512, 599, -490, 600, -479, 502, -583, 600, -492, 597, -1566, 603, -1565, 597, -490, 599, -1566, 624, -466, 597, -482, 502, -582, 596, -497, 
[11:17:26][I][remote.raw:028]:   591, -485, 559, -527, 594, -1574, 626, -1555, 532, -1628, 628, -1533, 630, -1538, 590, -1591, 559, -1602, 603, -1560, 626, -465, 601, -476, 530, -554, 604, -491, 563, -511, 622, -466, 604, -491, 534, -537, 602, -489, 604, -1561, 603, -1566, 559, -526, 
[11:17:26][I][remote.raw:028]:   605, -1563, 599, -1589, 501, -565, 602, -489, 604, -473, 504, -581, 604, -491, 591, -1571, 602, -1567, 596, -488, 606, -474, 501, -583, 602, -490, 600, -1559, 606, -487, 562, -510, 598, -490, 602, -491, 531, -539, 595, -496, 596, -481, 532, -552, 588, 
[11:17:26][I][remote.raw:028]:   -1581, 503, -1676, 509, -563, 557, -1610, 500, -584, 559, -532, 537, -539, 589, -495, 537, -6092, 4486, -4342, 635, -1531, 557, -1611, 526, -1650, 610, -1552, 634, -459, 600, -474, 596, -1585, 559, -511, 601, -489, 603, -475, 501, -584, 599, -494, 592, 
[11:17:26][I][remote.raw:028]:   -1570, 597, -1569, 590, -499, 594, -1570, 591, -501, 593, -484, 549, -536, 589, -506, 559, -517, 549, -563, 531, -1634, 523, -1664, 521, -1639, 524, -1637, 523, -1640, 520, -1664, 523, -1637, 524, -1636, 524, -570, 526, -543, 526, -565, 532, -563, 530, 
[11:17:26][I][remote.raw:028]:   -539, 532, -561, 534, -538, 527, -563, 534, -560, 535, -1627, 535, -1630, 531, -561, 534, -1629, 532, -1633, 526, -563, 531, -563, 531, -541, 526, -564, 530, -566, 525, -1638, 524, -1639, 523, -571, 524, -571, 522, -545, 524, -571, 524, -1638, 524, 
[11:17:26][I][remote.raw:041]:   -571, 523, -546, 522, -571, 523, -572, 521, -546, 522, -572, 523, -571, 522, -546, 523, -1664, 497, -1666, 522, -547, 522, -1665, 521, -547, 523, -572, 522, -571, 497, -597, 497
cool, 28, fan 3, swing off
[11:17:42][I][remote.raw:028]: Received Raw: 4478, -4343, 606, -1558, 599, -1567, 499, -1673, 605, -1555, 602, -490, 588, -485, 595, -1584, 560, -511, 600, -488, 605, -474, 502, -582, 601, -491, 597, -1564, 603, -1562, 599, -488, 603, -1561, 601, -489, 603, -474, 502, -581, 602, -491, 
[11:17:42][I][remote.raw:028]:   591, -484, 588, -497, 601, -1565, 622, -1546, 500, -1674, 603, -1556, 604, -1563, 597, -1582, 533, -1627, 629, -1532, 603, -489, 594, -481, 558, -527, 599, -494, 561, -511, 621, -468, 598, -497, 486, -584, 597, -494, 596, -1565, 629, -1539, 588, -497, 
[11:17:42][I][remote.raw:028]:   598, -1568, 625, -1541, 501, -583, 595, -495, 592, -484, 559, -525, 591, -1575, 621, -466, 591, -503, 486, -584, 585, -505, 564, -514, 531, -553, 564, -1604, 624, -461, 562, -531, 511, -562, 557, -530, 563, -517, 500, -583, 561, -530, 562, -515, 562, 
[11:17:42][I][remote.raw:028]:   -522, 563, -530, 536, -1625, 611, -1553, 557, -531, 563, -515, 501, -583, 562, -530, 632, -5984, 4408, -4418, 600, -1557, 604, -1562, 595, -1585, 555, -1603, 603, -474, 499, -583, 597, -1570, 529, -557, 594, -499, 557, -515, 588, -499, 595, -484, 545, 
[11:17:42][I][remote.raw:028]:   -1630, 591, -1568, 594, -499, 560, -1600, 592, -502, 555, -515, 587, -502, 589, -489, 546, -537, 588, -505, 562, -1599, 590, -1576, 582, -1599, 530, -1629, 587, -1573, 585, -1580, 550, -1628, 555, -1603, 583, -510, 528, -561, 559, -534, 533, -535, 529, 
[11:17:42][I][remote.raw:028]:   -561, 533, -560, 531, -537, 529, -561, 532, -561, 527, -1631, 531, -1627, 530, -563, 529, -1630, 528, -1632, 527, -565, 524, -569, 522, -544, 522, -570, 523, -1636, 522, -571, 523, -546, 520, -571, 523, -570, 522, -545, 523, -570, 523, -1636, 523, 
[11:17:42][I][remote.raw:041]:   -570, 523, -570, 521, -546, 522, -571, 522, -548, 519, -571, 522, -571, 522, -545, 522, -571, 522, -571, 520, -1639, 522, -1637, 522, -571, 522, -547, 519, -571, 522, -571, 521
cool, 28, fan 4, swing off
[11:17:57][I][remote.raw:028]: Received Raw: 4502, -4316, 605, -1561, 598, -1567, 499, -1673, 602, -1555, 628, -464, 587, -486, 591, -1588, 559, -512, 598, -490, 598, -480, 501, -582, 599, -491, 593, -1567, 605, -1561, 596, -490, 600, -1564, 598, -490, 599, -478, 503, -580, 598, -495, 
[11:17:57][I][remote.raw:028]:   584, -489, 592, -493, 595, -1570, 623, -1542, 499, -1673, 628, -1529, 630, -1535, 621, -1556, 560, -1599, 630, -1530, 600, -491, 591, -483, 585, -499, 592, -501, 560, -513, 586, -501, 589, -504, 486, -583, 590, -501, 592, -1567, 635, -1531, 597, -487, 
[11:17:57][I][remote.raw:028]:   591, -1574, 629, -1537, 499, -582, 588, -502, 589, -488, 584, -498, 564, -1602, 628, -458, 564, -1599, 632, -457, 564, -513, 531, -551, 561, -531, 559, -1600, 611, -481, 509, -563, 556, -531, 563, -515, 500, -583, 559, -531, 562, -515, 557, -526, 611, 
[11:17:57][I][remote.raw:028]:   -482, 607, -467, 600, -486, 612, -1553, 606, -482, 610, -467, 501, -583, 604, -487, 604, -6014, 4433, -4386, 603, -1555, 600, -1565, 530, -1645, 560, -1598, 599, -496, 529, -539, 593, -1572, 523, -560, 595, -497, 561, -513, 554, -532, 593, -499, 557, 
[11:17:57][I][remote.raw:028]:   -1603, 592, -1568, 592, -500, 589, -1570, 592, -501, 558, -514, 585, -501, 590, -502, 531, -539, 585, -504, 589, -1570, 589, -1578, 549, -1628, 557, -1603, 589, -1572, 587, -1579, 547, -1630, 558, -1600, 587, -507, 554, -517, 580, -508, 585, -510, 529, 
[11:17:57][I][remote.raw:028]:   -539, 582, -510, 559, -534, 530, -560, 535, -559, 531, -1629, 558, -1603, 532, -560, 535, -1625, 533, -1629, 529, -562, 533, -561, 529, -539, 530, -562, 531, -1630, 529, -564, 529, -1631, 530, -564, 526, -543, 522, -570, 523, -570, 523, -1636, 524, 
[11:17:57][I][remote.raw:041]:   -570, 522, -545, 523, -570, 523, -548, 543, -547, 523, -570, 524, -545, 522, -571, 523, -571, 522, -545, 522, -570, 524, -1637, 524, -570, 524, -545, 545, -546, 524, -570, 523
dry, 26, fan 4, swing off
[11:18:27][I][remote.raw:028]: Received Raw: 4478, -4343, 603, -1561, 620, -1559, 532, -1627, 615, -1545, 631, -460, 583, -492, 585, -1592, 585, -486, 585, -504, 564, -514, 501, -582, 561, -530, 562, -1596, 637, -1530, 629, -456, 563, -1599, 606, -482, 562, -514, 530, -552, 610, -482, 
[11:18:27][I][remote.raw:028]:   536, -538, 596, -488, 612, -1552, 556, -1625, 482, -1675, 609, -1548, 610, -1556, 599, -1576, 590, -1569, 611, -1549, 607, -484, 604, -470, 532, -551, 605, -488, 563, -510, 594, -491, 602, -491, 556, -514, 593, -496, 597, -1560, 598, -1566, 529, -556, 
[11:18:27][I][remote.raw:028]:   595, -496, 557, -1600, 597, -484, 543, -538, 592, -498, 595, -482, 524, -559, 593, -500, 560, -513, 555, -531, 592, -501, 556, -515, 587, -1580, 546, -537, 589, -503, 588, -487, 526, -559, 589, -505, 559, -515, 583, -503, 589, -505, 533, -537, 582, 
[11:18:27][I][remote.raw:028]:   -1584, 546, -538, 585, -507, 559, -1600, 586, -507, 555, -517, 579, -1604, 528, -1631, 559, -6059, 4430, -4417, 557, -1601, 532, -1629, 527, -1654, 529, -1629, 532, -561, 527, -539, 529, -1634, 541, -547, 528, -565, 525, -545, 522, -568, 524, -570, 
[11:18:27][I][remote.raw:028]:   522, -1637, 525, -1636, 523, -570, 523, -1637, 524, -569, 524, -545, 522, -570, 523, -571, 523, -544, 522, -571, 523, -1637, 523, -1640, 543, -1638, 523, -1637, 523, -1636, 522, -1663, 520, -1638, 523, -1635, 522, -570, 521, -545, 521, -571, 523, -570, 
[11:18:27][I][remote.raw:028]:   520, -546, 522, -571, 523, -571, 521, -546, 522, -572, 521, -1638, 523, -1637, 522, -571, 522, -571, 520, -1639, 522, -569, 497, -572, 521, -572, 521, -570, 496, -596, 498, -572, 520, -570, 497, -596, 498, -571, 498, -594, 497, -1663, 496, -596, 496, 
[11:18:27][I][remote.raw:041]:   -596, 496, -570, 496, -596, 498, -572, 518, -571, 496, -598, 496, -571, 495, -596, 496, -1663, 496, -596, 496, -598, 495, -1663, 497, -570, 496, -595, 497, -1663, 495, -1689, 496
fan only, fan 4, swing off
[11:19:01][I][remote.raw:028]: Received Raw: 4451, -4364, 606, -1556, 603, -1562, 545, -1626, 632, -1524, 608, -484, 563, -510, 589, -1588, 558, -511, 617, -470, 597, -481, 501, -581, 595, -496, 592, -1567, 610, -1555, 602, -484, 595, -1568, 627, -461, 595, -482, 502, -581, 592, -501, 
[11:19:01][I][remote.raw:028]:   562, -511, 596, -490, 590, -1575, 604, -1562, 500, -1673, 610, -1548, 633, -1532, 602, -1575, 562, -1597, 632, -1527, 610, -480, 564, -510, 590, -494, 566, -527, 536, -537, 584, -503, 564, -527, 533, -536, 563, -526, 565, -1595, 609, -482, 562, -1597, 
[11:19:01][I][remote.raw:028]:   610, -482, 532, -1626, 636, -443, 500, -582, 562, -527, 564, -511, 559, -1616, 598, -475, 599, -1579, 588, -482, 558, -530, 564, -1597, 562, -530, 561, -514, 595, -490, 610, -483, 509, -563, 605, -482, 610, -484, 586, -482, 599, -493, 607, -469, 532, 
[11:19:01][I][remote.raw:028]:   -1643, 603, -1555, 610, -1553, 603, -1561, 499, -584, 604, -1559, 532, -551, 604, -1561, 594, -6035, 4446, -4361, 557, -1621, 557, -1601, 595, -1566, 594, -1572, 525, -558, 595, -498, 560, -1600, 593, -500, 530, -539, 589, -501, 591, -485, 524, -560, 
[11:19:01][I][remote.raw:028]:   589, -1577, 552, -1625, 557, -514, 587, -1580, 545, -537, 587, -504, 588, -488, 528, -555, 591, -503, 560, -513, 581, -1599, 556, -1604, 587, -1574, 585, -1581, 549, -1628, 557, -1601, 587, -1574, 582, -1583, 546, -537, 565, -529, 557, -517, 548, -561, 
[11:19:01][I][remote.raw:028]:   533, -560, 529, -538, 533, -560, 549, -523, 526, -562, 532, -1631, 527, -562, 532, -1630, 530, -561, 531, -1629, 529, -562, 530, -564, 524, -542, 526, -568, 524, -1636, 524, -569, 523, -1637, 524, -570, 521, -545, 523, -1662, 522, -544, 524, -570, 523, 
[11:19:01][I][remote.raw:041]:   -547, 543, -546, 524, -569, 522, -545, 522, -570, 523, -570, 521, -545, 522, -570, 523, -1636, 524, -1638, 521, -1663, 522, -1637, 523, -570, 521, -1639, 523, -570, 520, -1639, 522

cool, 28, fan 4, swing on
[11:19:45][I][remote.raw:028]: Received Raw: 4480, -4344, 620, -1544, 596, -1568, 500, -1672, 627, -1530, 633, -458, 573, -500, 589, -1589, 583, -486, 585, -503, 588, -488, 502, -582, 562, -529, 562, -1597, 562, -1603, 592, -495, 562, -1601, 558, -531, 564, -513, 558, -525, 562, -531, 
[11:19:45][I][remote.raw:028]:   537, -538, 601, -484, 611, -484, 533, -1626, 610, -1553, 559, -1607, 560, -1616, 603, -1556, 610, -1554, 591, -1575, 500, -1672, 605, -469, 560, -524, 604, -488, 562, -1597, 601, -492, 555, -515, 596, -494, 600, -477, 522, -1653, 588, -486, 529, -557, 
[11:19:45][I][remote.raw:028]:   594, -499, 558, -514, 591, -497, 593, -485, 546, -538, 591, -1575, 524, -559, 593, -500, 559, -1599, 591, -502, 554, -516, 587, -501, 591, -487, 545, -537, 587, -6016, 4409, -4414, 554, -1603, 586, -1573, 585, -1579, 548, -1628, 556, -515, 579, -507, 
[11:19:45][I][remote.raw:028]:   584, -1580, 579, -510, 583, -511, 529, -561, 534, -559, 532, -537, 529, -1655, 530, -1629, 534, -559, 503, -1655, 532, -537, 527, -563, 531, -563, 529, -539, 528, -564, 529, -564, 525, -543, 523, -1662, 522, -1637, 524, -1635, 523, -1637, 522, -1661, 
[11:19:45][I][remote.raw:028]:   523, -1635, 523, -1634, 523, -1637, 521, -569, 523, -570, 522, -546, 521, -1663, 521, -545, 523, -570, 523, -570, 521, -546, 523, -1641, 519, -571, 523, -571, 521, -546, 522, -571, 522, -571, 521, -546, 523, -571, 522, -1637, 523, -571, 522, -570, 497, 
[11:19:45][I][remote.raw:041]:   -1664, 521, -546, 521, -572, 522, -570, 520, -547, 522, -571, 522
