cool 27, fan 1, swing on
[11:46:45][I][remote.raw:028]: Received Raw: 4479, -4348, 578, -1614, 545, -1641, 500, -1659, 570, -1590, 546, -547, 537, -530, 537, -1649, 526, -541, 572, -522, 571, -495, 481, -614, 569, -525, 546, -1614, 570, -1592, 542, -552, 568, -1590, 547, -548, 570, -496, 481, -613, 570, -524, 
[11:46:45][I][remote.raw:028]:   566, -501, 534, -561, 571, -523, 526, -1634, 548, -1613, 570, -1590, 481, -1705, 561, -1600, 573, -1588, 571, -1589, 480, -1707, 547, -520, 533, -561, 571, -523, 531, -1627, 572, -522, 502, -566, 571, -523, 572, -494, 528, -1658, 543, -525, 534, -560, 
[11:46:45][I][remote.raw:028]:   572, -522, 528, -539, 572, -522, 572, -493, 530, -567, 572, -1587, 480, -584, 601, -492, 564, -1622, 575, -491, 556, -514, 598, -491, 604, -474, 501, -583, 626, -5989, 4422, -4412, 556, -1603, 628, -1532, 631, -1536, 558, -1622, 619, -453, 556, -531, 
[11:46:45][I][remote.raw:028]:   626, -1538, 633, -457, 637, -439, 587, -497, 597, -497, 562, -512, 557, -1624, 588, -1572, 608, -470, 500, -1675, 603, -473, 531, -553, 606, -488, 588, -485, 594, -493, 601, -493, 553, -517, 595, -1572, 500, -1676, 588, -1571, 595, -1570, 588, -1593, 
[11:46:45][I][remote.raw:028]:   529, -1630, 593, -1566, 593, -1574, 553, -533, 592, -502, 555, -516, 586, -1596, 530, -539, 586, -506, 585, -490, 523, -562, 585, -1599, 560, -532, 562, -532, 529, -538, 560, -532, 560, -509, 530, -562, 559, -535, 532, -1627, 534, -560, 530, -538, 532, 
[11:46:45][I][remote.raw:041]:   -1628, 552, -539, 532, -562, 530, -539, 527, -564, 530, -564, 527

cool 27, fan 1, swing off
[11:47:00][I][remote.raw:028]: Received Raw: 4479, -4343, 605, -1588, 570, -1588, 500, -1685, 571, -1588, 571, -492, 589, -485, 563, -1646, 526, -514, 597, -491, 602, -494, 480, -585, 598, -495, 572, -1617, 572, -1589, 570, -496, 598, -1590, 571, -494, 600, -495, 481, -584, 600, -492, 
[11:47:00][I][remote.raw:028]:   591, -484, 557, -559, 570, -494, 556, -1633, 571, -1589, 571, -1589, 532, -1656, 533, -1627, 571, -1588, 572, -1589, 479, -1707, 566, -478, 556, -530, 601, -524, 553, -1607, 570, -495, 528, -541, 597, -493, 600, -496, 480, -1707, 537, -507, 558, -530, 
[11:47:00][I][remote.raw:028]:   599, -494, 556, -518, 594, -494, 599, -495, 482, -1708, 569, -476, 553, -533, 599, -493, 561, -1629, 570, -494, 554, -516, 597, -493, 602, -1589, 572, -1589, 533, -6048, 4367, -4465, 587, -1573, 628, -1535, 624, -1542, 501, -1674, 620, -454, 582, -502, 
[11:47:00][I][remote.raw:028]:   628, -1538, 622, -465, 628, -467, 529, -539, 625, -466, 628, -449, 502, -1675, 592, -1568, 627, -466, 557, -1603, 627, -450, 500, -584, 625, -468, 598, -477, 531, -555, 601, -492, 562, -512, 596, -1586, 531, -1629, 602, -1559, 601, -1566, 558, -1621, 
[11:47:00][I][remote.raw:028]:   558, -1600, 600, -1562, 596, -1572, 500, -583, 597, -496, 560, -514, 560, -1620, 555, -515, 590, -499, 593, -501, 528, -540, 590, -1578, 525, -559, 592, -502, 556, -516, 583, -505, 589, -506, 529, -541, 583, -1599, 529, -562, 562, -531, 535, -534, 531, 
[11:47:00][I][remote.raw:041]:   -1655, 530, -537, 559, -534, 559, -509, 530, -1656, 557, -1603, 550
